
32 inaltime
24 latime big mario
caracter0 caracter1 caracter2
00000000 00000000 00000000
00000000 00001111 00000000
00000000 01110000 10000000
00000000 11000000 10000000
00000001 10000111 11100000
00000011 00011111 11110000
00000010 00111111 11110000
00000011 01100000 01100000

caracter3 caracter4 caracter5
00000111 11100010 11100000
00000100 11100010 11110000
00000100 11110000 00011000
00000100 01100100 00011000
00000010 00001111 00111100
00000001 10000011 11110000
00000011 11100000 10000000
00000100 01111111 00000000

caracter6 caracter7 caracter8
00000100 01111001 10000000
00001100 01111101 11110000
00001000 10000100 11011000
00001001 00000010 01110000
00001001 00000010 01110000
00001100 11000101 10110000
00000111 11111001 10110000
00000111 11111111 11110000

caracter9 caracter0A caracter0B
00000011 11111111 11111000
00000101 11111111 11101100
00000101 11111011 11000100
00000100 11110001 10001000
00000110 01110001 00010000
00000011 00011001 10100000
00000001 11111000 11000000
00000000 00000000 00000000





small mario

caracter0c caracter0D
00000000 00000000
00000000 00000000
00000000 00000000
00000000 00000000
00000011 11100000
00000100 00100000
00001000 11111000
00001011 00011000

caracter0E caracter0F
00011110 01010000
00010110 00001000
00010010 10000100
00001000 11101100
00001110 00110000
00010011 11100000
00010011 10111000
00100100 01010000

caracter10 caracter11
00110100 01011000
00011111 10101000
00011111 11111000
00001111 11111100
00010111 11110100
00010011 00100000
00001111 00110000
00000000 00000000
mushroom
caracter12 caracter13
00000000 00000000
00000000 00000000
00000001 11100000
00000110 00111000
00001100 00111100
00001001 11011100
00010011 11100010
00010011 11101110

caracter14 caracter15
00011001 11011110
00011000 00001010
00001111 11111100
00000100 10100100
00000100 00001000
00000011 11110000
00000000 00000000
00000000 00000000





